      0/39     1.64G   0.06842    0.0131   0.03328    0.1148         0       640 1.679e-05   0.01515 1.971e-06 3.943e-07     0.103   0.01844   0.03971
      1/39     1.69G   0.06919   0.01228   0.03537    0.1168         4       640         0         0         0         0   0.09724   0.01801   0.03958
      2/39     1.69G   0.06708   0.01118   0.03562    0.1139         2       640         0         0         0         0   0.09353   0.01756   0.03963
      3/39     1.69G   0.06612   0.01013   0.03453    0.1108         0       640 0.0001772   0.06364 4.109e-05 8.696e-06   0.09623   0.01669   0.04081
      4/39     1.69G    0.0639  0.009898    0.0352     0.109         0       640 0.0001184   0.01515 1.174e-05 4.696e-06    0.1284   0.01131    0.0947
      5/39     1.69G   0.06203  0.009428    0.0344    0.1059         0       640         0         0         0         0    0.1276   0.01033     0.102
      6/39     1.69G   0.06112  0.008244   0.03352    0.1029         0       640         0         0         0         0    0.1331  0.009777    0.1056
      7/39     1.69G   0.06666  0.007898   0.03626    0.1108         1       640  0.001306   0.01515 0.0001376 1.376e-05    0.1363   0.01035     0.143
      8/39     1.69G   0.05444  0.007115   0.03079   0.09234         4       640         0         0         0         0      0.13    0.0106    0.1776
      9/39     1.69G   0.06075  0.007656   0.03455     0.103         2       640         0         0         0         0    0.1145   0.01233   0.05728
     10/39     1.69G   0.05616  0.007231   0.03219   0.09558         0       640 0.0001565   0.01515   2.1e-05   2.1e-06   0.09981   0.01326   0.03884
     11/39     1.69G   0.05536  0.006604   0.03208   0.09405         4       640         0         0         0         0    0.1002   0.01289   0.03895
     12/39     1.69G   0.05727  0.006482   0.03182   0.09557         2       640         0         0         0         0   0.09262   0.01381    0.0382
     13/39     1.69G   0.05903  0.006287   0.03294   0.09826         1       640   0.00096   0.04882 0.0002942 0.0001424    0.1053    0.0118   0.04255
     14/39     1.69G   0.05719   0.00607    0.0315   0.09476         2       640         0         0         0         0   0.09456   0.01336   0.03727
     15/39     1.69G   0.05328  0.005527   0.03083   0.08964         0       640         0         0         0         0       0.1   0.01305   0.03841
     16/39     1.69G   0.05623  0.006194    0.0314   0.09382         2       640 0.0003422   0.01515 7.395e-05 2.219e-05    0.1028   0.01265   0.04046
     17/39     1.69G   0.05956  0.006174   0.03321   0.09895         3       640         0         0         0         0   0.09666   0.01341   0.03885
     18/39     1.69G   0.05291  0.005909   0.03167   0.09049         0       640         0         0         0         0   0.08872   0.01406   0.03648
     19/39     1.69G   0.05647  0.005723   0.03385   0.09604         1       640         0         0         0         0   0.08974   0.01404   0.03634
     20/39     1.69G   0.05509  0.005257   0.03245   0.09279         0       640         0         0         0         0   0.08863    0.0139   0.03632
     21/39     1.69G    0.0557  0.006431   0.03335   0.09547         3       640 0.0005807   0.01515 7.028e-05 7.028e-06   0.08804   0.01392   0.03622
     22/39     1.69G   0.05834  0.005612   0.03403   0.09798         2       640  0.000615   0.01515 0.0001129 1.129e-05   0.08831   0.01399   0.03669
     23/39     1.69G   0.05147  0.005244   0.02996   0.08667         0       640    0.1753   0.01515  0.003959 0.0007919   0.08668   0.01418   0.03638
     24/39     1.69G   0.05007  0.005825   0.02985   0.08575         2       640    0.3485   0.01515  0.003959  0.001584   0.08455   0.01458   0.03663
     25/39     1.69G   0.05513   0.00615   0.03274   0.09402         2       640    0.5397   0.01515  0.005279  0.001584   0.08295   0.01482   0.03684
     26/39     1.69G   0.05314  0.006055   0.03117   0.09037         2       640    0.3716   0.01515   0.00528  0.002112   0.08179   0.01494   0.03639
     27/39     1.69G    0.0477  0.006289   0.03018   0.08416         5       640         0         0         0         0   0.08026   0.01516   0.03584
     28/39     1.69G   0.04953    0.0057   0.03026   0.08549         0       640         0         0         0         0   0.08189   0.01489   0.03635
     29/39     1.69G   0.04906  0.006247   0.03098   0.08629         2       640  0.001894   0.01515 0.0003386 6.772e-05   0.08344   0.01466   0.03784
     30/39     1.69G   0.04934  0.006242   0.03155   0.08713         0       640         0         0         0         0   0.08232   0.01489   0.03737
     31/39     1.69G   0.04877  0.006596   0.03049   0.08586         2       640         0         0         0         0   0.08157   0.01506   0.03774
     32/39     1.69G   0.04486  0.005326   0.03043   0.08062         0       640 0.0008961   0.01515 0.0001373 2.746e-05   0.08102   0.01516    0.0375
     33/39     1.69G   0.04932  0.006495   0.03155   0.08737         2       640 0.0007603    0.0303 0.0002249 3.507e-05   0.08094   0.01506   0.03874
     34/39     1.69G   0.04755  0.006091   0.03011   0.08376         2       640  0.001046   0.04545 0.0002871 4.818e-05   0.08073     0.015    0.0388
     35/39     1.69G   0.04679  0.006269   0.03132   0.08438         2       640  0.001041   0.04545 0.0003774 0.0001365    0.0797   0.01509    0.0379
     36/39     1.69G   0.04693  0.006618   0.03046   0.08401         2       640  0.001173   0.04545 0.0003061 0.0001322   0.07864   0.01527   0.03727
     37/39     1.69G   0.04428  0.006466   0.02883   0.07957         0       640 0.0008814    0.0303 0.0001353 7.701e-05   0.07696   0.01553   0.03622
     38/39     1.69G   0.04545  0.006345   0.02887   0.08066         2       640  0.001267   0.04545 0.0002135 6.431e-05   0.07703   0.01552   0.03635
     39/39     1.69G   0.04575  0.006916   0.02981   0.08248         5       640  0.001141   0.04545 0.0002827 8.321e-05   0.07704   0.01543   0.03586
