      0/59     3.02G     0.027   0.01142   0.01758     0.056        83       640    0.5282    0.4837     0.521    0.3555   0.03752    0.0157   0.02164
      1/59     3.03G   0.02605    0.0107   0.01668   0.05343        90       640    0.4244    0.5181    0.5095    0.3514   0.03882   0.01479   0.02172
      2/59     3.03G   0.02721   0.01083   0.01773   0.05577       127       640    0.5659    0.4636    0.5152    0.3298   0.03816   0.01553   0.02166
      3/59     3.04G   0.02533    0.0103   0.01608   0.05171       106       640     0.372    0.5607    0.5078    0.3483   0.03796    0.0158   0.02184
      4/59     3.04G   0.03114   0.01152   0.01798   0.06063       154       640    0.4692     0.517    0.5244    0.3617   0.03836   0.01515   0.02176
      5/59     3.04G   0.02846   0.01133   0.01716   0.05696       114       640    0.4257    0.5675     0.525    0.3622   0.03752   0.01584   0.02169
      6/59     3.04G   0.02617   0.01125   0.01661   0.05403       117       640    0.4181    0.5416    0.5065    0.3431   0.03828   0.01549   0.02179
      7/59     3.04G   0.02294   0.01101   0.01595    0.0499        62       640    0.4336    0.5474    0.5251     0.355   0.03855    0.0153   0.02174
      8/59     3.04G   0.02815   0.01192   0.01702   0.05709       119       640    0.5094    0.5114    0.5385    0.3681   0.03796   0.01534   0.02169
      9/59     3.04G    0.0315   0.01227   0.01945   0.06323       109       640    0.4002    0.5793    0.5237    0.3556   0.03817    0.0155   0.02189
     10/59     3.04G   0.02484   0.01175   0.01655   0.05313       146       640    0.4969     0.559    0.5373    0.3563   0.03872   0.01543   0.02156
     11/59     3.04G   0.02739   0.01216   0.01824   0.05778        73       640    0.4754    0.5404    0.5377    0.3372   0.03924   0.01494   0.02165
     12/59     3.04G    0.0309    0.0114   0.01851   0.06081       114       640    0.4732    0.5144    0.5261    0.3113   0.03867   0.01613   0.02165
     13/59     3.04G   0.03041   0.01181   0.01744   0.05966       126       640    0.4593    0.5265    0.5254    0.3392    0.0396   0.01595    0.0216
     14/59     3.04G   0.02533   0.01107   0.01625   0.05265        92       640    0.4958    0.4878    0.5424    0.3429   0.03939   0.01509   0.02222
     15/59     3.04G   0.02555    0.0112   0.01567   0.05242       150       640    0.4406    0.5512    0.5239    0.3405   0.03914   0.01576   0.02153
     16/59     3.04G   0.02853   0.01171    0.0164   0.05664       116       640     0.473      0.52    0.5247     0.343   0.04084    0.0151   0.02153
     17/59     3.04G   0.02494   0.01058   0.01434   0.04987       147       640    0.4396    0.5497    0.5449    0.3693   0.04041   0.01536   0.02129
     18/59     3.04G   0.03086   0.01131   0.01768   0.05986       110       640    0.2994    0.6281    0.4796    0.2773   0.03999   0.01667    0.0226
     19/59     3.04G   0.03087   0.01173   0.01644   0.05903       146       640    0.4878    0.5068    0.5616    0.3464   0.03959   0.01642   0.02169
     20/59     3.04G    0.0287   0.01101    0.0168   0.05651       111       640    0.5378    0.5511    0.5704    0.3752   0.03726   0.01638   0.02143
     21/59     3.04G   0.02726   0.01177   0.01559   0.05462        51       640    0.4928    0.5879    0.5546    0.3571     0.039   0.01597   0.02144
     22/59     3.04G   0.02982  0.009819   0.01669   0.05633       133       640    0.4544    0.5445    0.5736    0.3348    0.0424   0.01568   0.02191
     23/59     3.04G    0.0287  0.009951    0.0164   0.05505        72       640    0.5064    0.5242    0.5523     0.317   0.04168   0.01713   0.02123
     24/59     3.04G   0.02613    0.0118   0.01566   0.05358       133       640    0.4575    0.5913    0.5921    0.3921   0.03699   0.01656   0.02169
     25/59     3.04G   0.02919   0.01146   0.01741   0.05806       116       640    0.5534    0.5416    0.6014    0.3863   0.03839    0.0164   0.02138
     26/59     3.04G   0.02845   0.01068   0.01517    0.0543        94       640      0.54    0.5588    0.5706    0.3513   0.03782   0.01694    0.0219
     27/59     3.04G   0.03275  0.009995   0.01719   0.05993       132       640    0.4631    0.5719    0.5316    0.3429     0.038   0.01733   0.02193
     28/59     3.04G   0.02883   0.01106   0.01581   0.05571       136       640    0.4642    0.5745    0.5285    0.3492   0.03837   0.01804   0.02143
     29/59     3.04G   0.02727   0.01115   0.01508   0.05351        96       640    0.5365    0.5302    0.5798    0.3787   0.03894   0.01721   0.02142
     30/59     3.04G   0.02761    0.0106   0.01522   0.05344        44       640    0.5907    0.5292    0.6056    0.4173   0.03781   0.01604   0.02113
     31/59     3.04G   0.02636   0.01024   0.01451   0.05111        79       640    0.5486    0.6352    0.6204    0.4191   0.03785   0.01598   0.02139
     32/59     3.04G   0.02816   0.01161   0.01459   0.05436        78       640    0.4843    0.5564    0.5754     0.391   0.03708   0.01872   0.02237
     33/59     3.04G   0.02936   0.01072   0.01615   0.05623       113       640    0.5447    0.6263    0.6106    0.3698   0.03835   0.01604   0.02138
     34/59     3.04G   0.02721   0.01063   0.01413   0.05197        93       640    0.4918    0.6501    0.5957     0.374    0.0403   0.01591   0.02162
     35/59     3.04G   0.02782    0.0117   0.01463   0.05415       107       640    0.5329    0.6459    0.6354    0.4264   0.03933   0.01638   0.02106
     36/59     3.04G    0.0275   0.01026   0.01366   0.05142       169       640    0.6838    0.5548    0.6447    0.4437   0.03813    0.0169   0.02064
     37/59     3.04G   0.02581   0.01084   0.01325    0.0499        71       640    0.6188    0.5881    0.6431    0.4469   0.03681   0.01655   0.02086
     38/59     3.04G   0.02414   0.01052   0.01281   0.04747        91       640    0.5697    0.6364    0.6396    0.4479   0.03641    0.0163   0.02102
     39/59     3.04G   0.02516    0.0109   0.01379   0.04986       101       640    0.5287    0.6393    0.6399    0.4304   0.03701   0.01663   0.02148
     40/59     3.04G   0.02492   0.01025   0.01294   0.04811       104       640     0.554    0.6772     0.662    0.4483   0.03741   0.01593   0.02105
     41/59     3.04G   0.02518   0.01035   0.01226   0.04779       106       640    0.5534    0.6621    0.6619     0.471   0.03738   0.01606   0.02125
     42/59     3.04G   0.02488   0.00964   0.01354   0.04806       105       640    0.5752    0.6437    0.6684    0.4651   0.03725   0.01571   0.02151
     43/59     3.04G   0.02255  0.009109   0.01122   0.04288        37       640    0.5488    0.7141    0.6605    0.4502   0.03694   0.01656   0.02116
     44/59     3.04G   0.02496   0.01098   0.01313   0.04906        56       640    0.6335    0.6628    0.6573    0.4616   0.03677   0.01666   0.02106
     45/59     3.04G   0.02517   0.01102   0.01227   0.04846       115       640    0.6089    0.6562    0.6708    0.4701   0.03703   0.01649   0.02084
     46/59     3.04G   0.02731   0.01118   0.01295   0.05144       111       640    0.5989    0.6541    0.6783    0.4852   0.03645   0.01595     0.021
     47/59     3.04G   0.02398   0.01096   0.01137   0.04631        80       640    0.6651    0.6137      0.68    0.4799   0.03661   0.01617   0.02081
     48/59     3.04G   0.02182   0.01043   0.01077   0.04302        79       640    0.6461    0.6359    0.6927    0.5029   0.03604   0.01609   0.02096
     49/59     3.04G   0.02265  0.009274   0.01093   0.04285        93       640    0.5966    0.6958    0.6779    0.4785   0.03661    0.0168   0.02122
     50/59     3.04G   0.02305   0.01115   0.01159   0.04579       113       640    0.5716    0.7339    0.6805    0.4848   0.03626    0.0162   0.02108
     51/59     3.04G   0.02242  0.009332   0.01088   0.04263        49       640    0.6524    0.6095     0.688    0.4899    0.0361    0.0169   0.02093
     52/59     3.04G   0.02347  0.009155   0.01129   0.04392        96       640    0.7143    0.5454    0.6911    0.4903   0.03646   0.01612   0.02083
     53/59     3.04G   0.02247  0.009788   0.01114    0.0434        75       640    0.7612    0.5746    0.7021    0.4977   0.03599   0.01611    0.0211
     54/59     3.04G   0.02281  0.009635   0.01058   0.04302        75       640    0.6689    0.6546    0.6872    0.4901   0.03578   0.01666   0.02099
     55/59     3.04G   0.02195  0.009649   0.01156   0.04316       109       640    0.6649    0.6211    0.6986    0.5018    0.0359   0.01646   0.02111
     56/59     3.04G   0.02285   0.00955    0.0114   0.04381        88       640     0.617    0.7031    0.6972    0.4979   0.03633   0.01621   0.02097
     57/59     3.04G   0.02071  0.008833  0.009603   0.03914        81       640     0.646    0.6668    0.7094    0.5081   0.03596   0.01623   0.02106
     58/59     3.04G   0.02278  0.009473   0.01137   0.04362        61       640    0.6054    0.7138    0.7097    0.5141   0.03578    0.0161   0.02095
     59/59     3.04G   0.02491   0.01045   0.01083   0.04619        31       640    0.6238    0.7089    0.7115    0.5113   0.03613   0.01609   0.02101
