      0/34     1.64G   0.06985    0.0131   0.03297    0.1159         0       640         0         0         0         0    0.1028   0.01822   0.03973
      1/34     1.69G   0.06681   0.01238   0.03455    0.1137         4       640 1.832e-05    0.0303 4.063e-06 9.493e-07   0.09775    0.0177   0.03961
      2/34     1.69G   0.06815   0.01126    0.0368    0.1162         2       640  0.000113   0.04545 0.0002095 5.775e-05   0.09724   0.01713   0.03943
      3/34     1.69G   0.06616   0.01012   0.03534    0.1116         0       640         0         0         0         0    0.1181     0.013   0.04072
      4/34     1.69G   0.06402   0.00975   0.03496    0.1087         0       640         0         0         0         0     0.139    0.1867    0.2542
      5/34     1.69G   0.06157  0.009406   0.03444    0.1054         0       640         0         0         0         0    0.1217   0.01415    0.1062
      6/34     1.69G   0.06196   0.00828   0.03439    0.1046         0       640         0         0         0         0    0.1314    0.0189    0.1566
      7/34     1.69G   0.06271  0.008041   0.03437    0.1051         1       640         0         0         0         0     0.131   0.01547    0.1843
      8/34     1.69G   0.05956  0.007134   0.03219   0.09888         4       640 0.0003731   0.03367 5.574e-05 9.741e-06    0.1198   0.01192   0.06337
      9/34     1.69G   0.06497  0.007656   0.03651    0.1091         2       640         0         0         0         0    0.0994   0.01326   0.03834
     10/34     1.69G   0.05639  0.007265   0.03247   0.09613         0       640         0         0         0         0   0.09436   0.01408   0.03829
     11/34     1.69G   0.05511   0.00683   0.03231   0.09425         4       640         0         0         0         0   0.09119   0.01428   0.03813
     12/34     1.69G   0.05881  0.006654   0.03267   0.09813         2       640         0         0         0         0   0.08912   0.01432   0.03773
     13/34     1.69G   0.05996  0.006458   0.03443    0.1009         1       640         0         0         0         0   0.08692   0.01447   0.03742
     14/34     1.69G   0.06267  0.006492   0.03543    0.1046         2       640         0         0         0         0   0.08842   0.01437   0.03736
     15/34     1.69G   0.05033  0.005833   0.03055   0.08671         0       640         0         0         0         0   0.08645   0.01455   0.03712
     16/34     1.69G   0.05852  0.006573   0.03494       0.1         2       640         0         0         0         0   0.08759   0.01425   0.03708
     17/34     1.69G    0.0573   0.00643   0.03418   0.09791         3       640         0         0         0         0   0.09032   0.01379    0.0369
     18/34     1.69G   0.05056  0.006133   0.03136   0.08805         0       640         0         0         0         0   0.09012   0.01375   0.03682
     19/34     1.69G   0.05398  0.005972   0.03361   0.09356         1       640         0         0         0         0   0.08639   0.01421   0.03675
     20/34     1.69G    0.0543  0.005467   0.03234   0.09211         0       640         0         0         0         0   0.08411   0.01452   0.03661
     21/34     1.69G   0.05621  0.006652   0.03452   0.09738         3       640         0         0         0         0   0.08503   0.01438   0.03649
     22/34     1.69G   0.05863  0.005836   0.03474   0.09921         2       640         0         0         0         0   0.08423   0.01448   0.03644
     23/34     1.69G   0.05232  0.005532   0.03072   0.08858         0       640         0         0         0         0   0.08365   0.01457   0.03623
     24/34     1.69G   0.05457  0.006187   0.03348   0.09423         2       640         0         0         0         0   0.08091   0.01513   0.03608
     25/34     1.69G   0.05649  0.006408   0.03462   0.09751         2       640         0         0         0         0   0.07968    0.0154   0.03593
     26/34     1.69G   0.05583  0.006363    0.0333    0.0955         2       640         0         0         0         0   0.07995   0.01545   0.03578
     27/34     1.69G   0.05379  0.006399   0.03247   0.09266         5       640         0         0         0         0   0.07997   0.01551   0.03567
     28/34     1.69G   0.04942  0.005955   0.03139   0.08677         0       640         0         0         0         0   0.07995   0.01559   0.03558
     29/34     1.69G   0.05006  0.006561   0.03287    0.0895         2       640         0         0         0         0   0.07983   0.01563   0.03554
     30/34     1.69G   0.05078  0.006433    0.0323   0.08952         0       640         0         0         0         0   0.07876   0.01579   0.03549
     31/34     1.69G   0.05243  0.006997   0.03286   0.09228         2       640         0         0         0         0   0.07778   0.01593   0.03542
     32/34     1.69G   0.04884  0.005421   0.03108   0.08534         0       640         0         0         0         0   0.07724   0.01599   0.03536
     33/34     1.69G   0.05128  0.006696   0.03171   0.08969         2       640         0         0         0         0    0.0764   0.01612   0.03527
     34/34     1.69G   0.05108  0.006457   0.03218   0.08972         2       640         0         0         0         0   0.07593   0.01623   0.03522
