      0/39     1.34G    0.0536   0.01292    0.0262   0.09272         0       640         0         0         0         0   0.09291   0.01782   0.03484
      1/39     1.38G   0.05702   0.01202   0.02905    0.0981         4       640 0.0003231   0.04882  5.15e-05 5.914e-06   0.09125   0.01674   0.03465
      2/39     1.38G   0.05632   0.01074   0.03049   0.09754         2       640         0         0         0         0    0.1079   0.01395   0.04683
      3/39     1.38G   0.04826  0.009681   0.02659   0.08453         0       640         0         0         0         0    0.1107   0.01662   0.08325
      4/39     1.38G    0.0556   0.00928   0.02949   0.09437         0       640 3.605e-05   0.01667 3.759e-06 7.519e-07    0.1197    0.0385    0.1608
      5/39     1.38G   0.05595  0.008663   0.03065   0.09525         0       640 0.0003224   0.01515 4.323e-05 5.772e-06    0.1031   0.01177   0.04128
      6/39     1.38G   0.04778  0.007479   0.02761   0.08287         0       640 0.0002787   0.01515 2.664e-05 2.664e-06    0.1213  0.008231    0.2067
      7/39     1.38G   0.05353  0.007239   0.03024   0.09101         1       640 0.0002867   0.04545 4.989e-05 8.372e-06    0.1189  0.009594   0.07567
      8/39     1.38G   0.04542  0.006462   0.02619   0.07807         4       640         0         0         0         0    0.1051   0.01101   0.04479
      9/39     1.38G   0.05182  0.006912   0.03025   0.08898         2       640         0         0         0         0    0.1019   0.01068   0.05756
     10/39     1.38G   0.04779  0.006714   0.02908   0.08358         0       640         0         0         0         0   0.09653   0.01213   0.04161
     11/39     1.38G   0.04398  0.005987   0.02613    0.0761         4       640         0         0         0         0   0.08678   0.01343   0.03434
     12/39     1.38G   0.04823  0.005977   0.02792   0.08213         2       640         0         0         0         0   0.08063    0.0141   0.03413
     13/39     1.38G   0.05104  0.005915   0.03028   0.08723         1       640         0         0         0         0   0.07817    0.0142   0.03316
     14/39     1.38G   0.05287  0.005914   0.03155   0.09033         2       640         0         0         0         0   0.07767   0.01417   0.03334
     15/39     1.38G   0.04538  0.005184    0.0262   0.07676         0       640         0         0         0         0   0.07835   0.01407   0.03376
     16/39     1.38G   0.05284  0.005719   0.03028   0.08884         2       640         0         0         0         0   0.08268   0.01321   0.03377
     17/39     1.38G   0.04937  0.005665   0.02961   0.08464         3       640         0         0         0         0   0.07945    0.0139    0.0324
     18/39     1.38G   0.04719  0.005646   0.02802   0.08086         0       640         0         0         0         0    0.0795   0.01389   0.03218
     19/39     1.38G   0.04809  0.005459   0.02815   0.08169         1       640 0.0005144   0.01515  6.33e-05 4.431e-05   0.08014   0.01362   0.03291
     20/39     1.38G   0.04784  0.005143   0.03015   0.08314         0       640 0.0003779   0.01515  5.57e-05 1.671e-05    0.0799   0.01359   0.03278
     21/39     1.38G   0.04162  0.006058   0.02569   0.07336         3       640 0.0006536    0.0303 0.0001593 4.778e-05   0.08136   0.01327   0.03305
     22/39     1.38G   0.04255   0.00527   0.02574   0.07355         2       640  0.002775   0.06061  0.000945 0.0002035   0.08015   0.01347   0.03234
     23/39     1.38G   0.03796  0.005044     0.023     0.066         0       640 0.0008878    0.0303 0.0002425 9.344e-05   0.07732   0.01408    0.0322
     24/39     1.38G   0.03703   0.00554    0.0239   0.06647         2       640         0         0         0         0   0.07243   0.01518    0.0315
     25/39     1.38G   0.04188  0.006002   0.02698   0.07487         2       640         0         0         0         0   0.07123   0.01537   0.03152
     26/39     1.38G   0.03923  0.006086   0.02552   0.07083         2       640 0.0008913   0.01515 8.829e-05 3.531e-05   0.06966   0.01554   0.03123
     27/39     1.38G   0.03913  0.006101   0.02575   0.07098         5       640  0.001976   0.04545 0.0008095 0.0002793   0.06876   0.01559   0.03128
     28/39     1.38G   0.03762  0.005837   0.02455   0.06801         0       640  0.002663   0.01515  0.001339 0.0005823   0.06729   0.01588   0.03137
     29/39     1.38G   0.04043  0.006235   0.02704    0.0737         2       640    0.1775    0.0303  0.005455  0.002446   0.06594   0.01615   0.03121
     30/39     1.38G    0.0349  0.006258   0.02352   0.06469         0       640    0.3468   0.01515  0.007355  0.003211   0.06534   0.01623   0.03133
     31/39     1.38G   0.03574  0.006651   0.02345   0.06584         2       640  0.004018    0.2121  0.004622  0.001791   0.06578   0.01593   0.03161
     32/39     1.38G   0.03489  0.005021   0.02374   0.06365         0       640  0.009846    0.2928  0.006079  0.002736    0.0655   0.01586   0.03177
     33/39     1.38G   0.03778  0.006273   0.02456   0.06861         2       640  0.007448    0.3382  0.005958   0.00272   0.06495   0.01594    0.0323
     34/39     1.38G   0.03544  0.005845   0.02391   0.06519         2       640     0.174    0.1364  0.005961  0.002758    0.0648   0.01597   0.03278
     35/39     1.38G   0.03426  0.006097    0.0247   0.06505         2       640    0.1739    0.1212  0.006083  0.002617   0.06453   0.01595   0.03219
     36/39     1.38G   0.03497  0.006556   0.02528   0.06681         2       640    0.1736    0.1212  0.005113  0.002335   0.06372    0.0161   0.03214
     37/39     1.38G    0.0312  0.006553   0.02307   0.06083         0       640  0.007026    0.3715  0.005068  0.002212   0.06254   0.01635   0.03183
     38/39     1.38G   0.03317  0.006204   0.02257   0.06194         2       640     0.173    0.1212  0.004921  0.002229   0.06161   0.01651   0.03187
     39/39     1.38G   0.03603  0.006469   0.02479   0.06729         5       640    0.3396   0.04674  0.005715  0.002599   0.06202   0.01636   0.03219
