      0/59     1.37G   0.02576   0.02511   0.01699   0.06786         4       640    0.4836    0.7216    0.6613    0.4924   0.02927   0.03333   0.02997
      1/59     1.39G   0.02484   0.02369   0.01688    0.0654        28       640    0.4724    0.7287    0.6555     0.489   0.02909   0.03338   0.03006
      2/59     1.39G   0.02459   0.02439   0.01653   0.06552        20       640    0.5022    0.7267    0.6683    0.4918    0.0291   0.03307   0.02996
      3/59     1.39G   0.02542   0.02292   0.01701   0.06535         6       640    0.5066     0.759    0.6765    0.5026   0.02919   0.03274      0.03
      4/59     1.39G   0.02492   0.02088   0.01613   0.06193         8       640    0.5011    0.7541    0.6663    0.4802   0.02992   0.03318   0.02991
      5/59     1.39G   0.02517   0.02293   0.01629   0.06439         1       640    0.4619    0.7927    0.6612    0.4841   0.02951   0.03453   0.02982
      6/59     1.39G   0.02534   0.02471   0.01662   0.06667         0       640    0.4784    0.7419    0.6628    0.4874   0.02974   0.03413   0.02991
      7/59     1.39G   0.02513   0.02466    0.0164   0.06619         2       640    0.4605    0.8717    0.6879    0.5066   0.02921   0.03227   0.02987
      8/59     1.37G   0.02605   0.02507   0.01664   0.06775         4       640    0.5302    0.7475    0.6705    0.4371    0.0319   0.03276   0.02963
      9/59     1.41G   0.02524    0.0235   0.01641   0.06514        28       640    0.4755    0.8005    0.6729    0.4836   0.02927   0.03243   0.02973
     10/59     1.41G   0.02543   0.02427   0.01593   0.06563        20       640    0.5144    0.7879    0.7244    0.5096   0.03085   0.03508   0.02964
     11/59     1.41G   0.03008   0.02253   0.01637   0.06898         6       640    0.5083     0.757    0.6544    0.2594   0.04683   0.03316   0.02976
     12/59     1.41G   0.02976   0.02045   0.01573   0.06594         8       640    0.4933    0.8348    0.7248    0.4532   0.03459    0.0321   0.02959
     13/59     1.41G   0.03006   0.02262   0.01587   0.06855         1       640    0.5002    0.7462    0.6713    0.3676    0.0394   0.03668   0.02955
     14/59     1.41G   0.02855    0.0247   0.01609   0.06934         0       640    0.4853    0.7076    0.6489    0.4432    0.0332   0.03614   0.02889
     15/59     1.41G   0.03252   0.02503   0.01566   0.07321         2       640    0.5172    0.7597    0.6835    0.3774   0.04019    0.0368   0.02932
     16/59     1.41G   0.03055    0.0227   0.01615   0.06941        11       640    0.5738    0.6939    0.7017    0.3977   0.03924   0.03447   0.02996
     17/59     1.41G   0.03766   0.02479   0.01611   0.07857        12       640    0.5049    0.6792     0.649    0.3412   0.04409   0.03609   0.02865
     18/59     1.41G   0.03314   0.02422   0.01658   0.07394         1       640    0.4276    0.8302     0.642    0.3257   0.04043   0.03963   0.02853
     19/59     1.41G   0.03261   0.02641   0.01616   0.07518        25       640    0.4144     0.701    0.6098    0.3005   0.03844   0.04718    0.0291
     20/59     1.41G     0.033   0.03359   0.01607   0.08266        12       640    0.5353    0.7532     0.657     0.427    0.0339   0.03866   0.02895
     21/59     1.41G   0.03254   0.02712   0.01561   0.07527         1       640    0.4313     0.911    0.6483    0.4001   0.03604   0.03712   0.02828
     22/59     1.41G   0.03138   0.02641   0.01586   0.07365        15       640     0.461     0.829    0.6871    0.4003   0.04022   0.03635      0.03
     23/59     1.41G    0.0292   0.02316   0.01518   0.06754         6       640    0.5216    0.7634    0.7046    0.4843   0.03252   0.03467   0.02883
     24/59     1.41G   0.02898   0.02492   0.01463   0.06853        17       640    0.5722    0.8297    0.7316    0.3957   0.03949   0.03433   0.02852
     25/59     1.41G   0.03259   0.02158   0.01388   0.06805        23       640    0.5396    0.8401    0.7353    0.3764   0.04323    0.0354   0.02926
     26/59     1.41G    0.0351   0.02211   0.01416   0.07137        12       640     0.613    0.7466    0.7438    0.4708   0.03325   0.03481   0.02867
     27/59     1.41G   0.02927   0.02484   0.01424   0.06835         2       640     0.618    0.6893    0.7244    0.4917   0.03265   0.03568   0.02835
     28/59     1.41G   0.02829   0.02245   0.01387   0.06461        23       640    0.5698    0.8298    0.7284    0.4619   0.03436   0.03428   0.02812
     29/59     1.41G   0.02676   0.02397   0.01363   0.06435         8       640     0.543    0.9333     0.734    0.5177   0.03121   0.03235   0.02827
     30/59     1.41G    0.0276   0.02269   0.01326   0.06354         5       640     0.614    0.8306    0.7357    0.5004   0.03402   0.03357   0.02827
     31/59     1.41G   0.02844   0.02308    0.0131   0.06462         7       640    0.6051    0.8574    0.7704    0.5041   0.03414   0.03426   0.02804
     32/59     1.41G   0.02847   0.02153   0.01279   0.06279         3       640    0.6784    0.7048    0.7786    0.5423   0.03097   0.03417   0.02816
     33/59     1.41G   0.02618   0.02396   0.01278   0.06292         9       640    0.6135    0.8987    0.7867    0.5767    0.0305    0.0335   0.02805
     34/59     1.41G   0.02478   0.02187   0.01264   0.05929         2       640     0.634     0.883    0.7825    0.5692   0.03077   0.03539   0.02795
     35/59     1.41G    0.0249   0.02239   0.01272   0.06001         1       640     0.623     0.916    0.7986    0.5916   0.03005   0.03374   0.02786
     36/59     1.41G   0.02442   0.02417   0.01226   0.06086        29       640    0.6814    0.8478    0.8041    0.5981   0.03012   0.03472   0.02791
     37/59     1.41G   0.02456   0.02268   0.01259   0.05983        22       640     0.728    0.8025    0.8206    0.5984   0.02951    0.0339   0.02787
     38/59     1.41G   0.02514   0.02354   0.01222    0.0609        12       640    0.7089    0.8319    0.8178    0.6021   0.03003   0.03404   0.02796
     39/59     1.41G   0.02415   0.02113   0.01213   0.05741         7       640     0.685    0.8552    0.8236    0.6182   0.02901   0.03428   0.02798
     40/59     1.41G   0.02401   0.02097   0.01193   0.05691         1       640    0.7121    0.8431    0.8331    0.6279   0.02877   0.03411   0.02814
     41/59     1.41G   0.02449   0.02238   0.01145   0.05832        20       640    0.6953    0.9004    0.8332      0.62   0.02904   0.03534   0.02796
     42/59     1.41G   0.02457   0.02025   0.01167   0.05649         2       640    0.7335    0.8495    0.8381    0.6253   0.02956    0.0346   0.02834
     43/59     1.41G    0.0241   0.02527   0.01179   0.06117         4       640    0.7338    0.8442    0.8361    0.6253   0.02884   0.03448    0.0282
     44/59     1.41G   0.02397   0.02028    0.0113   0.05554        14       640    0.7169    0.8702    0.8425    0.6328   0.02884   0.03526   0.02808
     45/59     1.41G   0.02318   0.01992   0.01141   0.05451         1       640     0.741    0.8703    0.8544    0.6485   0.02893   0.03494   0.02813
     46/59     1.41G   0.02348   0.02376   0.01176   0.05899         1       640    0.7594    0.8499    0.8616    0.6487   0.02863   0.03445   0.02813
     47/59     1.41G    0.0229   0.02156   0.01131   0.05577        39       640     0.704    0.9104    0.8631    0.6462   0.02863   0.03497   0.02826
     48/59     1.41G   0.02329   0.02025   0.01101   0.05455         6       640    0.7039    0.9056    0.8695    0.6534   0.02917   0.03498   0.02808
     49/59     1.41G    0.0226   0.02155   0.01073   0.05489         0       640    0.7228    0.9057     0.862     0.648   0.02874   0.03445   0.02815
     50/59     1.41G   0.02343   0.02363   0.01129   0.05834         1       640    0.7372    0.9314    0.8668    0.6583   0.02855   0.03444   0.02818
     51/59     1.41G   0.02309   0.02224   0.01135   0.05668         1       640     0.738    0.8958    0.8682    0.6584   0.02856   0.03515   0.02821
     52/59     1.41G   0.02329   0.02167   0.01137   0.05633        14       640     0.715    0.9178    0.8666    0.6585   0.02852   0.03536   0.02826
     53/59     1.41G   0.02303   0.02291   0.01121   0.05715        14       640    0.7633    0.8976    0.8756    0.6681   0.02877   0.03462    0.0283
     54/59     1.41G   0.02279   0.02063   0.01123   0.05465         6       640    0.7487    0.8953    0.8729    0.6665   0.02859   0.03448    0.0283
     55/59     1.41G   0.02299   0.02113   0.01079   0.05491        26       640    0.7614    0.8802    0.8686    0.6531    0.0288   0.03495   0.02832
     56/59     1.41G   0.02353   0.02217   0.01129   0.05699         1       640    0.7554    0.9007    0.8785    0.6642   0.02863   0.03501   0.02829
     57/59     1.41G   0.02264   0.02002   0.01093    0.0536        17       640    0.7795    0.8697    0.8882    0.6662    0.0286   0.03478   0.02826
     58/59     1.41G   0.02344   0.02142    0.0119   0.05676         2       640    0.7839    0.8839    0.8916    0.6771   0.02875   0.03486    0.0283
     59/59     1.41G    0.0223   0.02196   0.01107   0.05532         1       640    0.7746    0.8949     0.892    0.6827    0.0286   0.03505   0.02829
