      0/59     1.37G   0.02354   0.02004   0.01216   0.05574         4       640    0.8392       0.9    0.9277    0.6974    0.0536   0.02793   0.02548
      1/59     1.39G   0.02313   0.01864   0.01211   0.05388        28       640    0.8428    0.9053      0.93    0.7002   0.05364   0.02792   0.02555
      2/59     1.39G   0.02284   0.01925   0.01166   0.05375        20       640    0.8616    0.8754    0.9313    0.7017   0.05351   0.02783   0.02552
      3/59     1.39G   0.02338   0.01817   0.01192   0.05348         6       640    0.8692    0.9055    0.9357    0.7042   0.05375   0.02814   0.02559
      4/59     1.39G   0.02259   0.01644   0.01147    0.0505         8       640    0.8733    0.8982    0.9374    0.7046   0.05364   0.02795    0.0255
      5/59     1.39G   0.02311   0.01821   0.01182   0.05315         1       640    0.8083    0.9095    0.9114    0.6886   0.05443   0.02809   0.02584
      6/59     1.39G   0.02304   0.01963   0.01187   0.05454         0       640    0.8448    0.9003    0.9343    0.6976   0.05343   0.02824   0.02545
      7/59     1.39G   0.02307   0.01948   0.01177   0.05432         2       640    0.8558    0.8845    0.9363    0.6899   0.05382   0.02837   0.02549
      8/59     1.39G   0.02317   0.01721   0.01164   0.05202        11       640     0.884    0.8639    0.9359    0.6987   0.05431     0.028   0.02552
      9/59     1.39G   0.02369   0.01952   0.01176   0.05497        12       640    0.8786    0.8831    0.9414    0.7007   0.05283   0.02792   0.02542
     10/59     1.39G   0.02367    0.0186   0.01209   0.05435         1       640    0.8736    0.9104    0.9373    0.6152   0.05624   0.02849   0.02551
     11/59     1.39G   0.02502   0.01792   0.01172   0.05465        25       640    0.8299    0.9066    0.9158    0.6694   0.05412   0.02837    0.0257
     12/59     1.39G   0.02422   0.02295   0.01168   0.05884        12       640     0.871    0.8723    0.9291    0.6176   0.05551   0.02894   0.02539
     13/59     1.39G   0.02751   0.01995   0.01141   0.05886         1       640    0.7689    0.9548    0.9196    0.4276   0.06668   0.03008   0.02542
     14/59     1.39G   0.02743   0.02103   0.01252   0.06099        15       640    0.8071    0.8714    0.9203    0.6288   0.05858    0.0283   0.02572
     15/59     1.39G   0.02967   0.01829    0.0116   0.05955         6       640     0.848    0.8586    0.9181    0.5307   0.06347   0.03022   0.02548
     16/59     1.39G    0.0299   0.01985   0.01142   0.06117        17       640    0.8292    0.8732    0.9212    0.5175   0.06071   0.02872   0.02547
     17/59     1.39G   0.03431   0.01739   0.01101   0.06271        23       640    0.8028    0.8482    0.8893    0.4049   0.06305   0.03233   0.02597
     18/59     1.39G   0.03276   0.01916   0.01165   0.06357        12       640    0.7675    0.8865    0.9127    0.5835   0.05941   0.03277    0.0254
     19/59     1.39G   0.03052   0.02081   0.01169   0.06302         2       640    0.7838    0.8779    0.9246    0.4527   0.06273   0.03203    0.0249
     20/59     1.39G   0.03244    0.0195    0.0113   0.06324        23       640    0.8464    0.9217    0.9286    0.6315   0.05649    0.0319    0.0252
     21/59     1.39G   0.02979   0.02073    0.0116   0.06212         8       640     0.795    0.8562    0.9041    0.5923   0.05628   0.03133   0.02489
     22/59     1.39G    0.0305   0.01908   0.01059   0.06017         5       640    0.7916    0.9099    0.9357    0.5695   0.05609   0.03225   0.02544
     23/59     1.39G   0.02733   0.01914    0.0111   0.05756         7       640    0.8769     0.917     0.952    0.5872   0.05689   0.03035   0.02476
     24/59     1.39G   0.02819   0.01764   0.01036   0.05619         3       640    0.8894    0.9124    0.9475    0.6397   0.05664   0.03055    0.0249
     25/59     1.39G   0.02811    0.0199   0.01059    0.0586         9       640    0.8833    0.8994    0.9374    0.6316   0.05711   0.03209   0.02486
     26/59     1.39G   0.02919   0.01809    0.0101   0.05739         2       640    0.8813    0.8843     0.936    0.6218   0.05651   0.03131   0.02469
     27/59     1.39G    0.0291   0.01888   0.01016   0.05814         1       640     0.912    0.8699    0.9362    0.5095   0.06177   0.03146    0.0247
     28/59     1.39G    0.0272    0.0201  0.009957   0.05726        29       640    0.8697    0.9135    0.9476    0.6531    0.0563   0.03013   0.02475
     29/59     1.39G   0.02514   0.01848   0.01022   0.05384        22       640    0.9185    0.9219    0.9602    0.6957   0.05457   0.03015   0.02458
     30/59     1.39G   0.02391   0.01942  0.009897   0.05322        12       640    0.9445    0.8852    0.9604    0.6933   0.05394   0.02965   0.02494
     31/59     1.39G   0.02374   0.01724   0.01003   0.05101         7       640    0.9568    0.8818    0.9602    0.6753   0.05535   0.02991   0.02476
     32/59     1.39G   0.02638   0.01718  0.009715   0.05328         1       640     0.944     0.905    0.9648     0.679   0.05473    0.0315   0.02466
     33/59     1.39G   0.02524   0.01823  0.009404   0.05287        20       640    0.9395    0.8868    0.9573     0.661   0.05593   0.03032   0.02488
     34/59     1.39G   0.02374   0.01661  0.009648      0.05         2       640    0.9446    0.9081    0.9686    0.7127   0.05435   0.03049   0.02448
     35/59     1.39G   0.02313    0.0207  0.009571    0.0534         4       640    0.9223    0.9348    0.9705    0.7193    0.0545   0.02986   0.02449
     36/59     1.39G   0.02289   0.01638  0.009173   0.04844        14       640    0.9472    0.9042    0.9635     0.727   0.05431   0.02969   0.02457
     37/59     1.39G   0.02264   0.01616  0.008981   0.04777         1       640    0.9395    0.9282    0.9655     0.713   0.05359   0.03014   0.02459
     38/59     1.39G    0.0223   0.01924  0.009366   0.05091         1       640    0.9583    0.9337    0.9728    0.7158   0.05355   0.03062   0.02433
     39/59     1.39G   0.02203   0.01763  0.009054   0.04872        39       640    0.9408    0.9373    0.9695    0.7336   0.05384   0.03059   0.02445
     40/59     1.39G   0.02243   0.01627  0.008851   0.04754         6       640    0.9441    0.9388    0.9716    0.7379   0.05323   0.03082   0.02429
     41/59     1.39G   0.02187   0.01751  0.008504   0.04788         0       640    0.9309    0.9433    0.9688    0.7332   0.05351   0.03098    0.0245
     42/59     1.39G   0.02222   0.01899  0.008653   0.04986         1       640    0.9235    0.9458    0.9718    0.7339   0.05339   0.03053   0.02455
     43/59     1.39G   0.02226   0.01774  0.008823   0.04882         1       640    0.9394    0.9485    0.9727    0.7304    0.0537   0.03057   0.02438
     44/59     1.39G   0.02249   0.01765  0.008941   0.04908        14       640    0.9553    0.9254     0.975    0.7368   0.05347   0.03077   0.02435
     45/59     1.39G   0.02215   0.01854   0.00865   0.04933        14       640    0.9284    0.9519    0.9716    0.7299   0.05382    0.0303   0.02441
     46/59     1.39G   0.02181   0.01665  0.008782   0.04724         6       640    0.9549    0.9438    0.9723    0.7372   0.05364   0.03032   0.02443
     47/59     1.39G   0.02176   0.01695  0.008221   0.04693        26       640    0.9502    0.9535    0.9731    0.7247   0.05405   0.03055   0.02445
     48/59     1.39G   0.02214   0.01792  0.008583   0.04864         1       640    0.9496    0.9508    0.9742    0.7325   0.05381   0.03023   0.02439
     49/59     1.39G   0.02173   0.01614  0.008258   0.04612        17       640    0.9405    0.9473    0.9745    0.7346   0.05366   0.03039   0.02438
     50/59     1.39G   0.02275   0.01728  0.009472    0.0495         2       640     0.944    0.9434    0.9742    0.7287    0.0544    0.0308   0.02436
     51/59     1.39G   0.02152   0.01773  0.008664   0.04792         1       640     0.927    0.9502    0.9743    0.7353   0.05343   0.03092   0.02432
     52/59     1.39G    0.0221   0.01657  0.008431    0.0471         6       640    0.9539    0.9179    0.9741    0.7336   0.05356   0.03089   0.02427
     53/59     1.39G   0.02129   0.01654  0.007967   0.04579         1       640    0.9524    0.9333    0.9746    0.7315   0.05371   0.03091   0.02429
     54/59     1.39G   0.02143   0.01639  0.007921   0.04573         1       640    0.9507     0.956    0.9776    0.7393   0.05362   0.03093   0.02419
     55/59     1.39G   0.02196   0.01891  0.008221    0.0491        24       640    0.9562    0.9477    0.9761    0.7378   0.05385   0.03104   0.02411
     56/59     1.39G   0.02119    0.0185   0.00837   0.04806         0       640    0.9427    0.9545    0.9767    0.7465   0.05358   0.03097    0.0241
     57/59     1.39G   0.02123   0.01672  0.008416   0.04637        20       640    0.9402    0.9456    0.9769    0.7408   0.05338   0.03069    0.0242
     58/59     1.39G   0.02138   0.01683   0.00767   0.04588         1       640    0.9563    0.9361    0.9786    0.7406   0.05357   0.03064   0.02416
     59/59     1.39G   0.02201   0.01613  0.008323   0.04647         7       640    0.9473    0.9502    0.9755    0.7415   0.05381    0.0308   0.02416
