      0/59     1.37G   0.02329   0.02245   0.01097   0.05671         4       640    0.7922    0.8844    0.8908    0.6725   0.02893   0.03497   0.02831
      1/59     1.39G   0.02234   0.02117    0.0109   0.05441        28       640    0.7818    0.8879    0.8899    0.6805   0.02849   0.03483   0.02831
      2/59     1.39G   0.02196   0.02186   0.01057   0.05438        20       640    0.7778     0.898     0.896    0.6806   0.02854   0.03489   0.02833
      3/59     1.39G   0.02288    0.0205   0.01062   0.05401         6       640    0.7988    0.8722    0.8965    0.6815   0.02849   0.03456   0.02833
      4/59     1.39G   0.02243    0.0187   0.01031   0.05145         8       640     0.758    0.9146    0.9005     0.684    0.0287   0.03538   0.02841
      5/59     1.39G   0.02249   0.02066   0.01027   0.05342         1       640    0.7584    0.8682    0.8869    0.6686   0.02878   0.03584   0.02855
      6/59     1.39G   0.02248   0.02202   0.01062   0.05512         0       640    0.7625    0.8931    0.8867    0.6676   0.02892   0.03531   0.02819
      7/59     1.39G   0.02246   0.02206    0.0104   0.05492         2       640    0.7612    0.9134    0.8899    0.6721   0.02818   0.03471    0.0283
      8/59     1.39G    0.0229   0.01959   0.01066   0.05315        11       640    0.7612    0.9122    0.9025    0.6551   0.02961   0.03568   0.02812
      9/59     1.39G   0.02432   0.02186   0.01052    0.0567        12       640    0.8063    0.8445    0.9005    0.6719   0.02842   0.03487   0.02824
     10/59     1.39G   0.02347   0.02096    0.0108   0.05522         1       640     0.811    0.8367    0.9042    0.6681    0.0295   0.03521   0.02811
     11/59     1.39G   0.02496   0.02029   0.01039   0.05564        25       640    0.8091    0.8786    0.8752    0.6315   0.02908   0.03605   0.02866
     12/59     1.39G   0.02602   0.02599   0.01056   0.06257        12       640    0.7776     0.857     0.888    0.5433   0.03484   0.03598   0.02801
     13/59     1.39G   0.02784   0.02236   0.01027   0.06047         1       640    0.7069     0.903    0.8703    0.4409   0.03965   0.03694   0.02859
     14/59     1.39G   0.02537   0.02332   0.01096   0.05964        15       640    0.7703    0.9184    0.9124    0.6628   0.02918   0.03543   0.02811
     15/59     1.39G   0.02631   0.02045   0.01035   0.05711         6       640    0.8487    0.8676    0.9207    0.6008    0.0338   0.03599   0.02796
     16/59     1.39G   0.02605   0.02245   0.01013   0.05863        17       640    0.8451    0.8534     0.934    0.6726   0.03027   0.03648   0.02819
     17/59     1.39G   0.02725   0.01974  0.009738   0.05674        23       640    0.7953    0.8544    0.9295    0.5126    0.0396    0.0357    0.0286
     18/59     1.39G   0.03021     0.021  0.009902   0.06111        12       640    0.8129    0.9041    0.9314    0.5126   0.03638   0.03772   0.02776
     19/59     1.39G   0.03313   0.02362   0.01012   0.06688         2       640     0.844    0.8311     0.906    0.4857   0.04072    0.0409   0.02754
     20/59     1.39G     0.035   0.02221   0.01011   0.06732        23       640    0.7989    0.8215    0.8668    0.4547   0.04229   0.03625   0.02864
     21/59     1.39G   0.03652   0.02255   0.01063   0.06971         8       640    0.7826    0.8706     0.867    0.5229   0.03519   0.03381   0.02797
     22/59     1.39G   0.02873   0.02135  0.009935   0.06001         5       640    0.7975    0.9382    0.8838    0.5664   0.03401   0.03573   0.02809
     23/59     1.39G   0.02627   0.02189  0.009941    0.0581         7       640    0.8041    0.9362    0.9266    0.6657   0.03058   0.03747   0.02763
     24/59     1.39G   0.02887   0.02007  0.009452   0.05839         3       640    0.7719     0.924    0.9037    0.5836   0.03628    0.0387   0.02816
     25/59     1.39G   0.02835   0.02236  0.009595   0.06031         9       640    0.8786     0.895    0.9267    0.6383   0.03442   0.03607   0.02795
     26/59     1.39G   0.02613   0.02035  0.009505   0.05598         2       640     0.843    0.8962    0.9312    0.6649   0.03089   0.03743   0.02808
     27/59     1.39G   0.02659   0.02091  0.009142   0.05665         1       640    0.8744    0.8895    0.9396    0.6668   0.03213   0.03633   0.02838
     28/59     1.39G    0.0249   0.02248  0.008799   0.05618        29       640    0.8683     0.919    0.9421    0.6281    0.0326   0.03729   0.02827
     29/59     1.39G   0.02494   0.02107  0.009285    0.0553        22       640    0.8908    0.9017    0.9343     0.645   0.03192   0.03728   0.02832
     30/59     1.39G    0.0262   0.02187  0.008847   0.05692        12       640    0.8497    0.9454    0.9338    0.6617   0.03091   0.03778   0.02811
     31/59     1.39G   0.02522   0.01965  0.008958   0.05383         7       640    0.9172    0.9004    0.9438    0.6831   0.03074   0.03673   0.02902
     32/59     1.39G   0.02627   0.01948   0.00885    0.0546         1       640    0.9358    0.8709    0.9506    0.6815   0.03127   0.03778    0.0286
     33/59     1.39G   0.02348   0.02062  0.008342   0.05244        20       640    0.9141    0.9178    0.9554    0.7064   0.03021   0.03783   0.02872
     34/59     1.39G   0.02287   0.01865  0.008475   0.04999         2       640    0.9522    0.8892     0.958    0.6969   0.03017   0.03711   0.02884
     35/59     1.39G   0.02316   0.02323  0.008541   0.05493         4       640    0.9032    0.9052    0.9545    0.7268   0.02979   0.03703   0.02897
     36/59     1.39G   0.02304   0.01874  0.008154   0.04993        14       640    0.9105    0.9049    0.9604    0.7216    0.0289   0.03765   0.02873
     37/59     1.39G   0.02319   0.01828  0.008191   0.04966         1       640    0.9294    0.8877    0.9593    0.7055   0.02947    0.0388   0.02901
     38/59     1.39G    0.0227   0.02194  0.008559    0.0532         1       640    0.9467     0.891     0.964    0.7309   0.02866   0.03768   0.02897
     39/59     1.39G   0.02202   0.01984  0.007957   0.04981        39       640    0.9424    0.9043    0.9642    0.7307    0.0289   0.03831   0.02893
     40/59     1.39G   0.02203    0.0186  0.007879   0.04851         6       640    0.9368    0.9061    0.9689    0.7277     0.029   0.03857   0.02878
     41/59     1.39G   0.02226    0.0198  0.007651   0.04972         0       640    0.9447    0.9057    0.9695    0.7304   0.02905   0.03802   0.02902
     42/59     1.39G    0.0226   0.02163  0.007998   0.05223         1       640    0.9441    0.9037    0.9686    0.7345   0.02878   0.03771   0.02909
     43/59     1.39G   0.02232   0.02021  0.008117   0.05064         1       640    0.9093    0.9265    0.9635    0.7371   0.02896   0.03883     0.029
     44/59     1.39G   0.02222   0.01989   0.00813   0.05024        14       640    0.9286    0.9327    0.9731    0.7535   0.02852   0.03814   0.02909
     45/59     1.39G   0.02178   0.02092  0.007802    0.0505        14       640    0.9116    0.9532     0.971    0.7475   0.02858   0.03696   0.02934
     46/59     1.39G   0.02165   0.01882  0.007875   0.04835         6       640    0.9272    0.9602    0.9754    0.7504   0.02847   0.03724   0.02923
     47/59     1.39G   0.02183   0.01928  0.007614   0.04873        26       640    0.9414    0.9309    0.9742    0.7394   0.02927   0.03827    0.0293
     48/59     1.39G   0.02293   0.02016  0.007887   0.05097         1       640    0.9168    0.9584    0.9763    0.7459   0.02883   0.03824   0.02919
     49/59     1.39G   0.02156   0.01821  0.007553   0.04732        17       640    0.9256    0.9443    0.9762    0.7506   0.02872   0.03865   0.02917
     50/59     1.39G   0.02207   0.01943  0.008559   0.05006         2       640      0.92    0.9541    0.9767    0.7427   0.02956   0.03828   0.02934
     51/59     1.39G   0.02132   0.01993  0.007718   0.04897         1       640    0.9347     0.954    0.9783    0.7642   0.02876   0.03858   0.02925
     52/59     1.39G   0.02193   0.01901  0.007846   0.04879         6       640    0.9305    0.9506    0.9792    0.7613    0.0288   0.03856   0.02926
     53/59     1.39G   0.02134   0.01852  0.007102   0.04696         1       640    0.9401    0.9439      0.98    0.7598    0.0286   0.03852   0.02932
     54/59     1.39G   0.02106   0.01847  0.007148   0.04668         1       640    0.9381    0.9432    0.9801    0.7593   0.02858    0.0381   0.02931
     55/59     1.39G   0.02167   0.02151  0.007438   0.05062        24       640    0.9263    0.9627    0.9791    0.7547   0.02854   0.03851   0.02915
     56/59     1.39G   0.02123   0.02091  0.007393   0.04953         0       640    0.9318    0.9606    0.9789    0.7595   0.02844   0.03879   0.02911
     57/59     1.39G   0.02105   0.01873   0.00757   0.04735        20       640    0.9403     0.955    0.9797    0.7592   0.02833   0.03886   0.02923
     58/59     1.39G   0.02152   0.01899  0.007311   0.04782         1       640    0.9393    0.9561    0.9797    0.7546   0.02835   0.03865   0.02929
     59/59     1.39G   0.02163   0.01809  0.007269   0.04699         7       640    0.9549    0.9428    0.9795    0.7544   0.02835   0.03859   0.02938
