      0/39     1.34G   0.05484   0.01298   0.02723   0.09506         0       640         0         0         0         0   0.09214    0.0179   0.03485
      1/39     1.38G    0.0545   0.01205   0.02858   0.09513         4       640         0         0         0         0   0.08871   0.01714   0.03465
      2/39     1.38G   0.05803   0.01077   0.03048   0.09928         2       640 0.0001934      0.05 4.024e-05 7.089e-06    0.1114   0.01939   0.09217
      3/39     1.38G   0.05326  0.009679   0.02778   0.09072         0       640         0         0         0         0    0.1194    0.1287    0.3157
      4/39     1.38G   0.05775  0.009284   0.03155   0.09858         0       640 8.678e-05    0.0303 1.661e-05 2.113e-06     0.104   0.01306   0.04955
      5/39     1.38G   0.05579   0.00871    0.0308    0.0953         0       640 0.0002188    0.0303 2.777e-05 2.777e-06    0.1065   0.01142   0.05157
      6/39     1.38G   0.04584  0.007489   0.02625   0.07958         0       640         0         0         0         0    0.1085   0.01046   0.07564
      7/39     1.38G    0.0565  0.007155   0.03165   0.09531         1       640 0.0001874   0.01852 2.877e-05 4.956e-06    0.1076   0.01336   0.06813
      8/39     1.38G   0.04637  0.006178    0.0253   0.07784         4       640         0         0         0         0    0.1127   0.01509   0.09589
      9/39     1.38G   0.05638  0.006805   0.03153   0.09471         2       640         0         0         0         0   0.09924   0.01106   0.04068
     10/39     1.38G   0.04458  0.006532   0.02704   0.07815         0       640         0         0         0         0   0.08796   0.01305   0.03263
     11/39     1.38G   0.04336  0.005882   0.02518   0.07443         4       640         0         0         0         0   0.08653   0.01253   0.03295
     12/39     1.38G   0.04762   0.00566   0.02776   0.08104         2       640         0         0         0         0   0.08066   0.01365   0.03302
     13/39     1.38G   0.05027  0.005596   0.02902   0.08489         1       640         0         0         0         0   0.08181   0.01327    0.0326
     14/39     1.38G   0.05225  0.005626   0.03067   0.08854         2       640         0         0         0         0   0.08324   0.01287   0.03237
     15/39     1.38G   0.04916  0.004881   0.02712   0.08116         0       640         0         0         0         0   0.08324   0.01272   0.03258
     16/39     1.38G   0.05193  0.005634    0.0295   0.08706         2       640         0         0         0         0   0.08302   0.01291   0.03232
     17/39     1.38G   0.04993  0.005709   0.03002   0.08566         3       640         0         0         0         0   0.07814   0.01391   0.03183
     18/39     1.38G   0.04588  0.005675   0.02672   0.07828         0       640         0         0         0         0   0.07679   0.01399   0.03164
     19/39     1.38G   0.05146  0.005292   0.02892   0.08568         1       640         0         0         0         0   0.07525   0.01436   0.03133
     20/39     1.38G    0.0515  0.005033   0.03026   0.08679         0       640         0         0         0         0   0.07385    0.0147   0.03111
     21/39     1.38G   0.04949  0.005876   0.02805   0.08341         3       640         0         0         0         0   0.07424   0.01435   0.03093
     22/39     1.38G    0.0481   0.00542   0.02861   0.08213         2       640         0         0         0         0   0.07205   0.01481   0.03085
     23/39     1.38G   0.04157  0.004985   0.02416   0.07071         0       640   0.01389   0.01515  0.001596 0.0006384   0.07302   0.01472   0.03086
     24/39     1.38G   0.04602  0.005427   0.02622   0.07767         2       640  0.007525    0.0303  0.001957 0.0006383   0.06979   0.01528   0.03073
     25/39     1.38G    0.0477   0.00572   0.02821   0.08163         2       640      0.34   0.01515  0.003131  0.001413   0.06915   0.01529   0.03058
     26/39     1.38G   0.04735  0.005812   0.02781   0.08097         2       640  0.004751    0.1212  0.003311  0.001353   0.06952   0.01514   0.03052
     27/39     1.38G   0.04689  0.005758   0.02755    0.0802         5       640  0.004567    0.1212    0.0032  0.001214   0.06744   0.01551   0.03034
     28/39     1.38G   0.04054  0.005725   0.02538   0.07165         0       640    0.5045    0.0303  0.003381  0.001213   0.06559   0.01597   0.03018
     29/39     1.38G   0.04427  0.006046   0.02852   0.07884         2       640  0.006128    0.1061  0.003711  0.001341   0.06465    0.0162   0.03015
     30/39     1.38G   0.04094  0.006361   0.02609    0.0734         0       640   0.01134    0.1818  0.006685   0.00195    0.0633   0.01638   0.03016
     31/39     1.38G   0.04057  0.006688   0.02625   0.07351         2       640  0.009357    0.1667  0.008176   0.00222   0.06265   0.01649   0.03014
     32/39     1.38G   0.03946  0.005236    0.0269    0.0716         0       640  0.008525    0.1515   0.01201  0.004964   0.06266   0.01642    0.0301
     33/39     1.38G    0.0424  0.006393   0.02745   0.07625         2       640    0.1963   0.06061   0.02653   0.01101   0.06225   0.01638   0.03009
     34/39     1.38G   0.03856   0.00608    0.0257   0.07034         2       640    0.1891   0.07576   0.01787  0.007544    0.0601   0.01671   0.03002
     35/39     1.38G   0.03933  0.006282   0.02817   0.07378         2       640    0.2028   0.04545   0.01351  0.006012   0.05793   0.01703   0.02997
     36/39     1.38G   0.03979  0.006696    0.0283   0.07479         2       640    0.1861   0.07576    0.0137  0.005693   0.05724   0.01707   0.02991
     37/39     1.38G   0.03574  0.006622   0.02568   0.06804         0       640    0.1889    0.1682   0.01505  0.006456   0.05644   0.01715   0.02988
     38/39     1.38G   0.03842  0.006427   0.02601   0.07086         2       640    0.3441    0.1364   0.01647  0.006806   0.05591   0.01715   0.02985
     39/39     1.38G   0.03972  0.006634   0.02649   0.07285         5       640     0.348    0.2136   0.01653   0.00708   0.05559   0.01713   0.02981
