1 0.417402 0.611491 0.046569 0.063477
1 0.433211 0.873210 0.059069 0.077148
1 0.227328 0.884277 0.102696 0.114909
2 0.612868 0.465495 0.088480 0.169922
3 0.705270 0.587240 0.048284 0.083333
3 0.722549 0.716471 0.054412 0.093750
2 0.240686 0.622233 0.075980 0.100586
5 0.335784 0.381348 0.061765 0.106445
3 0.508824 0.374512 0.075490 0.127930
7 0.702819 0.361491 0.074755 0.135091
7 0.785049 0.463542 0.048039 0.076823
7 0.726103 0.860514 0.059069 0.077148
8 0.167279 0.267415 0.115441 0.181966
8 0.666912 0.178060 0.037745 0.101562
8 0.739583 0.155924 0.061029 0.126953
9 0.352206 0.215332 0.051471 0.082357
9 0.509191 0.201009 0.039951 0.077799
9 0.244240 0.494466 0.110539 0.134115
