8 0.8389423076923077 0.4050480769230769 0.07572115384615384 0.20432692307692307
12 0.8040865384615384 0.09014423076923077 0.057692307692307696 0.12620192307692307
7 0.8137019230769231 0.1502403846153846 0.06009615384615385 0.14903846153846154
7 0.8569711538461539 0.6658653846153846 0.07451923076923077 0.14302884615384615
9 0.8365384615384616 0.5456730769230769 0.06129807692307692 0.13942307692307693
9 0.6502403846153846 0.328125 0.054086538461538464 0.13341346153846154
11 0.65625 0.14783653846153846 0.06490384615384616 0.17548076923076922
10 0.5865384615384616 0.08653846153846154 0.04927884615384615 0.109375
10 0.5841346153846154 0.24759615384615385 0.05048076923076923 0.10576923076923077
10 0.7271634615384616 0.1658653846153846 0.04807692307692308 0.10817307692307693
10 0.7391826923076923 0.3389423076923077 0.05048076923076923 0.10817307692307693
10 0.7391826923076923 0.43990384615384615 0.057692307692307696 0.109375
10 0.7536057692307693 0.6658653846153846 0.0625 0.11538461538461539
5 0.4807692307692308 0.4206730769230769 0.0625 0.18629807692307693
1 0.6418269230769231 0.5432692307692307 0.06129807692307692 0.14783653846153846
3 0.40625 0.33653846153846156 0.06009615384615385 0.14423076923076922
3 0.3629807692307692 0.6526442307692307 0.06610576923076923 0.16466346153846154
2 0.2283653846153846 0.29447115384615385 0.07932692307692307 0.1971153846153846
1 0.34975961538461536 0.08533653846153846 0.054086538461538464 0.13822115384615385
6 0.26802884615384615 0.08653846153846154 0.055288461538461536 0.12620192307692307
6 0.19471153846153846 0.5396634615384616 0.06971153846153846 0.14423076923076922
4 0.25841346153846156 0.7848557692307693 0.06009615384615385 0.11298076923076923
4 0.3161057692307692 0.3449519230769231 0.05048076923076923 0.10576923076923077
4 0.4230769230769231 0.17668269230769232 0.04927884615384615 0.11177884615384616
4 0.48677884615384615 0.2620192307692308 0.046875 0.10697115384615384
4 0.39302884615384615 0.5360576923076923 0.051682692307692304 0.1141826923076923
4 0.45913461538461536 0.6682692307692307 0.052884615384615384 0.11899038461538461