6 0.16105769230769232 0.7295673076923077 0.07692307692307693 0.15745192307692307
2 0.19230769230769232 0.4879807692307692 0.08653846153846154 0.20552884615384615
5 0.4014423076923077 0.2932692307692308 0.0625 0.17307692307692307
4 0.32211538461538464 0.22956730769230768 0.04807692307692308 0.109375
4 0.3004807692307692 0.4026442307692308 0.052884615384615384 0.10697115384615384
4 0.3762019230769231 0.5036057692307693 0.055288461538461536 0.109375
4 0.47716346153846156 0.06370192307692307 0.03485576923076923 0.09735576923076923
4 0.4831730769230769 0.3016826923076923 0.04927884615384615 0.10336538461538461
3 0.5576923076923077 0.39302884615384615 0.0625 0.13822115384615385
9 0.49038461538461536 0.13581730769230768 0.052884615384615384 0.1346153846153846
7 0.5564903846153846 0.5985576923076923 0.057692307692307696 0.14543269230769232
8 0.7319711538461539 0.36778846153846156 0.07572115384615384 0.19591346153846154
11 0.6370192307692307 0.2920673076923077 0.05889423076923077 0.1814903846153846
9 0.6442307692307693 0.4879807692307692 0.0625 0.14543269230769232
12 0.7920673076923077 0.055288461538461536 0.055288461538461536 0.11057692307692307
10 0.7163461538461539 0.055288461538461536 0.046875 0.10096153846153846
10 0.7151442307692307 0.21634615384615385 0.05048076923076923 0.1045673076923077
10 0.5625 0.3004807692307692 0.04567307692307692 0.0985576923076923
10 0.5540865384615384 0.7355769230769231 0.06009615384615385 0.11057692307692307
10 0.7367788461538461 0.6141826923076923 0.057692307692307696 0.109375
12 0.7451923076923077 0.7427884615384616 0.078125 0.13822115384615385