2 0.23317307692307693 0.29927884615384615 0.07692307692307693 0.20072115384615385
6 0.19831730769230768 0.5300480769230769 0.07091346153846154 0.1346153846153846
6 0.2668269230769231 0.08533653846153846 0.054086538461538464 0.12620192307692307
3 0.4050480769230769 0.33653846153846156 0.057692307692307696 0.14182692307692307
3 0.36177884615384615 0.6550480769230769 0.07091346153846154 0.15264423076923078
4 0.25961538461538464 0.7836538461538461 0.06009615384615385 0.11538461538461539
5 0.4795673076923077 0.42427884615384615 0.06610576923076923 0.17427884615384615
4 0.4230769230769231 0.17427884615384615 0.05048076923076923 0.11298076923076923
4 0.31490384615384615 0.3449519230769231 0.046875 0.10817307692307693
4 0.3942307692307692 0.5396634615384616 0.052884615384615384 0.11177884615384616
4 0.45552884615384615 0.6658653846153846 0.046875 0.11177884615384616
4 0.484375 0.26322115384615385 0.04927884615384615 0.1045673076923077
1 0.3485576923076923 0.07932692307692307 0.052884615384615384 0.13822115384615385
1 0.640625 0.5384615384615384 0.06129807692307692 0.14903846153846154
11 0.6538461538461539 0.1466346153846154 0.0625 0.17427884615384615
8 0.8365384615384616 0.40625 0.08533653846153846 0.20432692307692307
9 0.7620192307692307 0.7872596153846154 0.06971153846153846 0.15504807692307693
12 0.8040865384615384 0.08653846153846154 0.051682692307692304 0.125
7 0.8112980769230769 0.14903846153846154 0.052884615384615384 0.14302884615384615
7 0.8581730769230769 0.6622596153846154 0.07091346153846154 0.1502403846153846
9 0.6478365384615384 0.3293269230769231 0.06370192307692307 0.14302884615384615
10 0.5877403846153846 0.08533653846153846 0.05048076923076923 0.109375
10 0.5841346153846154 0.2439903846153846 0.04807692307692308 0.11177884615384616
10 0.7271634615384616 0.1658653846153846 0.04927884615384615 0.10697115384615384
10 0.7415865384615384 0.33774038461538464 0.04927884615384615 0.1045673076923077
10 0.7415865384615384 0.4387019230769231 0.055288461538461536 0.11538461538461539
10 0.75 0.6646634615384616 0.054086538461538464 0.11298076923076923