9 0.7620192307692307 0.7896634615384616 0.0889423076923077 0.15985576923076922
7 0.5612980769230769 0.42908653846153844 0.06610576923076923 0.15865384615384615
11 0.6526442307692307 0.14783653846153846 0.06129807692307692 0.18389423076923078
8 0.8353365384615384 0.3016826923076923 0.07932692307692307 0.22235576923076922
12 0.8052884615384616 0.0889423076923077 0.06129807692307692 0.1310096153846154
10 0.7259615384615384 0.171875 0.052884615384615384 0.109375
10 0.7451923076923077 0.33774038461538464 0.057692307692307696 0.109375
10 0.7403846153846154 0.4362980769230769 0.06129807692307692 0.11177884615384616
10 0.6454326923076923 0.5564903846153846 0.06490384615384616 0.12259615384615384
2 0.23197115384615385 0.296875 0.0889423076923077 0.21394230769230768
6 0.42788461538461536 0.08774038461538461 0.052884615384615384 0.12740384615384615
6 0.6490384615384616 0.3425480769230769 0.0625 0.13701923076923078
3 0.6526442307692307 0.4362980769230769 0.06850961538461539 0.1502403846153846
3 0.7548076923076923 0.640625 0.06610576923076923 0.16105769230769232
1 0.49158653846153844 0.23677884615384615 0.06009615384615385 0.15625
4 0.5841346153846154 0.18028846153846154 0.051682692307692304 0.10817307692307693
4 0.3161057692307692 0.34134615384615385 0.051682692307692304 0.10576923076923077
4 0.3918269230769231 0.5384615384615384 0.056490384615384616 0.12259615384615384
4 0.45552884615384615 0.6670673076923077 0.057692307692307696 0.11778846153846154