5 0.5961538461538461 0.2980769230769231 0.0733173076923077 0.171875
2 0.7872596153846154 0.3701923076923077 0.08774038461538461 0.20072115384615385
6 0.8389423076923077 0.7247596153846154 0.07572115384615384 0.15264423076923078
6 0.5841346153846154 0.06129807692307692 0.052884615384615384 0.11177884615384616
3 0.5901442307692307 0.1346153846153846 0.0625 0.12980769230769232
3 0.4423076923076923 0.3918269230769231 0.0673076923076923 0.14182692307692307
4 0.6658653846153846 0.1466346153846154 0.04567307692307692 0.10096153846153846
4 0.6766826923076923 0.22956730769230768 0.046875 0.10576923076923077
4 0.6995192307692307 0.4014423076923077 0.05048076923076923 0.11778846153846154
4 0.625 0.5024038461538461 0.056490384615384616 0.11177884615384616
4 0.515625 0.3016826923076923 0.051682692307692304 0.10576923076923077
4 0.5204326923076923 0.06610576923076923 0.04927884615384615 0.10697115384615384
11 0.36177884615384615 0.29447115384615385 0.0733173076923077 0.16947115384615385
7 0.25841346153846156 0.3798076923076923 0.06610576923076923 0.15144230769230768
12 0.3641826923076923 0.18990384615384615 0.06009615384615385 0.13701923076923078
12 0.16466346153846154 0.6009615384615384 0.07572115384615384 0.15384615384615385
8 0.16826923076923078 0.36778846153846156 0.08052884615384616 0.20552884615384615
12 0.20432692307692307 0.055288461538461536 0.0673076923076923 0.11057692307692307
12 0.2512019230769231 0.7415865384615384 0.07692307692307693 0.14302884615384615
10 0.2824519230769231 0.057692307692307696 0.04927884615384615 0.10096153846153846
10 0.26322115384615385 0.6141826923076923 0.056490384615384616 0.11658653846153846
10 0.28846153846153844 0.21875 0.056490384615384616 0.11298076923076923
10 0.43509615384615385 0.3016826923076923 0.051682692307692304 0.10697115384615384
10 0.44591346153846156 0.7367788461538461 0.057692307692307696 0.12259615384615384