2 0.23197115384615385 0.2980769230769231 0.08173076923076923 0.2091346153846154
1 0.40024038461538464 0.15865384615384615 0.057692307692307696 0.14182692307692307
6 0.42908653846153844 0.07932692307692307 0.054086538461538464 0.12860576923076922
6 0.4963942307692308 0.16466346153846154 0.05889423076923077 0.12740384615384615
4 0.31490384615384615 0.34134615384615385 0.04807692307692308 0.11177884615384616
4 0.25841346153846156 0.7848557692307693 0.0625 0.1201923076923077
4 0.3918269230769231 0.5360576923076923 0.055288461538461536 0.12259615384615384
4 0.4579326923076923 0.6622596153846154 0.0625 0.12740384615384615
4 0.5817307692307693 0.17668269230769232 0.04807692307692308 0.1045673076923077
3 0.5588942307692307 0.25 0.06610576923076923 0.13701923076923078
3 0.7536057692307693 0.640625 0.08052884615384616 0.1502403846153846
8 0.8353365384615384 0.4074519230769231 0.08052884615384616 0.20552884615384615
7 0.8149038461538461 0.15264423076923078 0.07211538461538461 0.14302884615384615
7 0.6442307692307693 0.42427884615384615 0.0673076923076923 0.1502403846153846
12 0.8028846153846154 0.09735576923076923 0.06490384615384616 0.1346153846153846
11 0.6550480769230769 0.14903846153846154 0.07091346153846154 0.1814903846153846
9 0.7644230769230769 0.7884615384615384 0.078125 0.16466346153846154
10 0.7259615384615384 0.1622596153846154 0.052884615384615384 0.1141826923076923
10 0.7415865384615384 0.33774038461538464 0.057692307692307696 0.1045673076923077
10 0.7403846153846154 0.4362980769230769 0.06610576923076923 0.11538461538461539
10 0.6442307692307693 0.5685096153846154 0.0625 0.12740384615384615