9 0.546875 0.6478365384615384 0.06850961538461539 0.16105769230769232
8 0.8353365384615384 0.30408653846153844 0.07692307692307693 0.20552884615384615
11 0.6550480769230769 0.1466346153846154 0.0625 0.17908653846153846
7 0.5612980769230769 0.4326923076923077 0.0673076923076923 0.14302884615384615
12 0.5757211538461539 0.15865384615384615 0.06009615384615385 0.125
10 0.5600961538461539 0.3269230769230769 0.054086538461538464 0.10576923076923077
10 0.7259615384615384 0.16947115384615385 0.06490384615384616 0.11538461538461539
10 0.7403846153846154 0.3389423076923077 0.052884615384615384 0.11177884615384616
10 0.6466346153846154 0.5637019230769231 0.054086538461538464 0.125
6 0.7295673076923077 0.07451923076923077 0.0625 0.12980769230769232
3 0.7536057692307693 0.6454326923076923 0.078125 0.16105769230769232
1 0.49158653846153844 0.234375 0.05048076923076923 0.14543269230769232
2 0.23076923076923078 0.3004807692307692 0.0829326923076923 0.20072115384615385
4 0.31490384615384615 0.34134615384615385 0.04927884615384615 0.11298076923076923
4 0.4579326923076923 0.6634615384615384 0.052884615384615384 0.12379807692307693
4 0.3918269230769231 0.5396634615384616 0.052884615384615384 0.11778846153846154