11 0.6550480769230769 0.1466346153846154 0.07091346153846154 0.18389423076923078
8 0.8365384615384616 0.40865384615384615 0.08533653846153846 0.21995192307692307
12 0.8016826923076923 0.08653846153846154 0.0625 0.1310096153846154
7 0.8137019230769231 0.1466346153846154 0.06370192307692307 0.15144230769230768
7 0.6466346153846154 0.42788461538461536 0.07211538461538461 0.15264423076923078
9 0.765625 0.7872596153846154 0.08774038461538461 0.1778846153846154
10 0.5853365384615384 0.08653846153846154 0.04807692307692308 0.11298076923076923
10 0.7271634615384616 0.16346153846153846 0.057692307692307696 0.12139423076923077
10 0.7403846153846154 0.34134615384615385 0.056490384615384616 0.12139423076923077
10 0.7415865384615384 0.4362980769230769 0.06610576923076923 0.12259615384615384
10 0.6418269230769231 0.5637019230769231 0.056490384615384616 0.12379807692307693
2 0.22956730769230768 0.2980769230769231 0.08173076923076923 0.19951923076923078
1 0.40384615384615385 0.15745192307692307 0.05048076923076923 0.1466346153846154
3 0.5600961538461539 0.7740384615384616 0.07572115384615384 0.16826923076923078
3 0.5625 0.24639423076923078 0.0733173076923077 0.1346153846153846
6 0.43149038461538464 0.08052884615384616 0.06009615384615385 0.12620192307692307
6 0.47716346153846156 0.4362980769230769 0.06490384615384616 0.13581730769230768
4 0.25600961538461536 0.7824519230769231 0.06129807692307692 0.12259615384615384
4 0.5841346153846154 0.18028846153846154 0.052884615384615384 0.10576923076923077
4 0.5084134615384616 0.17307692307692307 0.051682692307692304 0.1045673076923077
4 0.3161057692307692 0.34134615384615385 0.04807692307692308 0.11057692307692307
4 0.3918269230769231 0.5396634615384616 0.056490384615384616 0.12259615384615384
4 0.4579326923076923 0.6634615384615384 0.06129807692307692 0.11778846153846154