10 0.094148 0.208302 0.063613 0.093679
11 0.062341 0.374714 0.095420 0.175171
10 0.397742 0.181835 0.042303 0.092536
10 0.417303 0.151371 0.036260 0.087205
3 0.589854 0.181074 0.053117 0.127570
3 0.297074 0.588919 0.078244 0.158035
6 0.451336 0.488957 0.064885 0.130998
6 0.732665 0.372620 0.068384 0.120716
5 0.792462 0.594440 0.105280 0.192688
7 0.444020 0.683168 0.078244 0.172125
1 0.540553 0.684882 0.077290 0.161081
12 0.280216 0.272468 0.064249 0.124524
7 0.454676 0.381759 0.054389 0.092536
8 0.524650 0.291698 0.072201 0.187357
1 0.531966 0.519802 0.067112 0.153085
